14 [11,                     23,24,      27,   29,   33,34,35,37,38,         44,46,   55,56,                  67,      75,76,   84,87,88,91,   95,97,98]
23 [11,                        24,      27,   29,   33,34,35,37,38,         44,46,   55,56,57,62,                  74,75,76,   84,87,88,91,   95,97]
24 [11,                        27,            29,   33,34,35,37,38,         44,46,54,55,56,57,62,                  74,75,76,   84,87,88,91,   95,97]
34 [11,      15,   17,            25,   27,      32,33,   35,37,38,      42,   46,54,   56,57,   61,62,64,65,   73,74,               88,91,      97]
27 [11,      15,   17,19,         25,            32,33,   35,37,38,   41,42,   46,54,      57,   61,62,64,65,   73,74,               88,91,      97]
56 [11,      15,   17,19,         25,   27,      32,33,   35,37,38,      42,   46,54,      57,   61,62,64,65,   73,74,               88,91,      97]
95 [11,      15,   17,            27,            32,33,34,35,37,38,      42,   46,54,   56,57,   61,62,64,65,   73,74,               88,91,      97]
97 [11,      15,   17,19,21,      25,            32,33,   35,37,38,   41,42,   46,54,      57,   61,62,64,65,   73,74,               88,91]
29 [11,      15,                        27,         33,34,35,37,38,         44,46,54,55,56,57,      62,            74,75,76,   84,87,88,91,   95,97]
44 [11,      15,                        27,      32,33,34,35,37,38,      42,   46,54,   56,57,   61,62,64,65,   73,74,               88,91,   95,97]
55 [11,      15,                        27,         33,34,35,37,38,         44,46,54,   56,57,      62,64,      73,74,75,76,      87,88,91,   95,97]
67 [11,                     23,24,      27,   29,   33,34,35,37,38,         44,46,   55,56,         62,            74,75,76,   84,87,88,91,   95,97]
75 [11,      15,                        27,         33,34,35,37,38,      42,44,46,54,   56,57,   61,62,64,      73,74,   76,         88,91,   95,97]
76 [11,      15,                        27,         33,34,35,37,38,      42,44,46,54,   56,57,   61,62,64,65,   73,74,               88,91,   95,97]
84 [11,      15,                  27,               33,34,35,37,38,         44,46,54,55,56,57,      62,         73,74,75,76,      87,88,91,   95,97]
87 [11,      15,                  27,               33,34,35,37,38,         44,46,54,   56,57,   61,62,64,      73,74,75,76,         88,91,   95,97]
98 [11,                     23,24,      27,   29,   33,34,35,37,38,         44,46,   55,56,         62,      67,      75,76,   84,87,88,91,   95,97]
26 [11,13,14,   16,         23,24,      27,28,29,      34,                  44,      55,56,                  67,      75,76,79,84,87,88,   94,95,97,98]
58 [11,13,14,   16,         23,24,   26,27,28,29,      34,                  44,      55,56,                  67,      75,76,79,84,87,      94,95,97,98]
79 [11,13,14,   16,         23,24,27,      28,29,      34,   37,            44,      55,56,                  67,      75,76,   84,87,88,94,   95,97,98]
94 [11,13,14,   16,         23,24,27,      28,29,      34,   37,            44,46,   55,56,                  67,      75,76,   84,87,88,      95,97,98]
15 [   13,14,   16,17,19,21,23,24,25,26,   28,32,                  39,41,42,                  58,61,   64,65,67,73,         79,            94,      98]
17 [   13,14,   16,   19,21,23,24,25,26,   28,29,                  39,41,   44,      55,      58,            67,      75,76,79,84,87,      94,      98]
19 [   13,14,   16,      21,23,24,   26,   28,29,      34,         39,41,   44,      55,      58,            67,      75,76,79,84,87,      94,95,   98]
21 [   13,14,   16,         23,24,   26,27,28,29,      34,         39,      44,      55,56,   58,            67,      75,76,79,84,87,      94,95,   98]
25 [   13,14,   16,   19,21,23,24,   26,   28,29,                  39,41,   44,      55,      58,            67,      75,76,79,84,87,      94,95,   98]
32 [   13,14,   16,17,19,21,23,24,25,26,   28,29,                  39,41,            55,      58,            67,      75,76,79,84,87,      94,      98]
39 [   13,14,   16,         23,24,   26,27,28,29,      34,                  44,      55,56,   58,            67,      75,76,79,84,87,      94,95,97,98]
41 [   13,14,   16,      21,23,24,   26,   28,29,      34,         39,      44,      55,56,   58,            67,      75,76,79,84,87,      94,95,   98]
42 [   13,14,   16,17,19,21,23,24,25,26,   28,29,32,               39,41,            55,   58,            65,67,            79,84,87,      94,      98]
13 [11,   14,   16,         23,24,      27,28,29,      34,   37,38,         44,46,   55,56,                  67,      75,76,   84,87,88,      95,97,98]
16 [11,   14,               23,24,      27,28,29,   33,34,   37,38,         44,46,   55,56,                  67,      75,76,   84,87,88,      95,97,98]
28 [11,   14,               23,24,      27,   29,   33,34,35,37,38,         44,46,   55,56,                  67,      75,76,   84,87,88,95,      97,98]
54 [   13,14,15,16,17,19,21,23,   25,26,   28,   32,               39,41,42,                  58,61,   64,65,67,73,         79,            94,      98]
57 [   13,14,15,16,17,19,21,      25,26,   28,   32,               39,41,42,      54,         58,61,   64,65,67,73,         79,            94,      98]
61 [   13,14,   16,17,19,21,23,24,25,26,   28,29,32,               39,41,42,         55,      58,         65,67,         79,   84,         94,      98]
62 [   13,14,15,16,17,19,21,      25,26,   28,   32,               39,41,42,      54,      57,58,61,   64,65,   73,74,   79,               94]
64 [   13,14,   16,17,19,21,23,24,25,26,   28,29,32,               39,41,42,                  58,61,      65,67,         79,   84,         94,      98]
65 [   13,14,   16,17,19,21,23,24,25,26,   28,29,32,               39,41,            55,      58,            67,      75,   79,84,87,      94,      98]
73 [   13,14,   16,17,19,21,23,24,25,26,   28,29,32,               39,41,42,                  58,61,   64,65,67,            79,            94,98]
74 [   13,14,15,16,17,19,21,      25,26,   28,   32,               39,41,42,      54,      57,58,61,   64,65,   73,         79,            94,98]
35 [   13,   15,16,17,19,21,      25,26,         32,               39,41,42,      54,      57,58,61,62,64,65,   73,74,      79,         91,94]
91 [   13,   15,16,17,19,21,      25,26,   28,   32,               39,41,42,      54,      57,58,61,62,64,65,   73,74,      79,            94]
33 [   13,   15,   17,19,21,      25,26,         32,      35,      39,41,42,      54,      57,58,61,62,64,65,   73,74,      79,         91,94]
38 [         15,   17,19,21,      25,26,         32,33,   35,      39,41,42,      54,      57,58,61,62,64,65,   73,74,      79,         91,94]
46 [         15,   17,19,21,      25,26,         32,33,   35,   38,39,41,42,      54,      57,58,61,62,64,65,   73,74,      79,         91]
37 [         15,   17,19,21,      25,26,         32,33,   35,   38,39,41,42,   46,54,      57,58,61,62,64,65,   73,74,                  91]
88 [         15,   17,19,21,      25,            32,33,35,   37,38,39,41,42,   46,54,      57,58,61,62,64,65,   73,74,                  91]
11 [         15,   17,19,21,      25,            32,33,   35,37,38,39,41,42,   46,54,      57,   61,62,64,65,   73,74,               88,91]




Part1: 5948
Part2: 0
